# This file may be used to create an environment using:
# $ conda create --name <env> --file <this file>
# platform: win-64
asgiref=3.4.1=pyhd8ed1ab_0
django=3.2.6=pyhd8ed1ab_0
djangorestframework=3.12.4=pyhd8ed1ab_0
git=2.33.0=h57928b3_0
pip=21.2.4=pyhd8ed1ab_0
python=3.6.13=h39d44d4_0_cpython
python_abi=3.6=2_cp36m
pytz=2021.1=pyhd8ed1ab_0
setuptools=57.4.0=py36ha15d459_0
sqlparse=0.4.1=pyh9f0ad1d_0
typing_extensions=3.10.0.0=pyha770c72_0
ucrt=10.0.20348.0=h57928b3_0
vc=14.2=hb210afc_5
vs2015_runtime=14.29.30037=h902a5da_5
wheel=0.37.0=pyhd8ed1ab_1
